output/plates/plate_1750553613104.jpg,221,217,303,266
output/plates/plate_1750553613655.jpg,198,221,285,269
output/plates/plate_1750553614031.jpg,190,234,280,282
output/plates/plate_1750553614173.jpg,199,374,258,409
output/plates/plate_1750553614425.jpg,182,237,270,284
output/plates/plate_1750553614643.jpg,184,382,247,434
output/plates/plate_1750553614977.jpg,169,395,239,449
output/plates/plate_1750553615153.jpg,198,198,230,211
output/plates/plate_1750553615443.jpg,138,337,214,392
output/plates/plate_1750553615601.jpg,130,255,232,307
output/plates/plate_1750553615881.jpg,130,331,205,385
output/plates/plate_1750553616023.jpg,122,241,227,302
output/plates/plate_1750553616152.jpg,138,414,200,454
output/plates/plate_1750553616282.jpg,133,415,206,469
output/plates/plate_1750553616512.jpg,128,334,203,387
output/plates/plate_1750553616634.jpg,137,417,194,452
output/plates/plate_1750553616897.jpg,130,334,204,386
output/plates/plate_1750553617030.jpg,138,416,196,450
output/plates/plate_1750553617244.jpg,129,334,204,386
output/plates/plate_1750553617379.jpg,138,416,195,450
output/plates/plate_1750553617633.jpg,130,333,204,385
output/plates/plate_1750553617778.jpg,137,415,195,449
output/plates/plate_1750553617897.jpg,118,245,225,301
output/plates/plate_1750553618123.jpg,130,334,204,386
output/plates/plate_1750553618392.jpg,130,335,204,387
output/plates/plate_1750553618697.jpg,129,337,201,392
output/plates/plate_1750553618860.jpg,117,251,221,304
output/plates/plate_1750553619147.jpg,124,338,199,394
output/plates/plate_1750553619304.jpg,114,254,216,307
output/plates/plate_1750553619433.jpg,132,421,193,456
output/plates/plate_1750553619712.jpg,123,341,197,393
output/plates/plate_1750553619849.jpg,132,423,190,457
output/plates/plate_1750553619956.jpg,112,255,215,307
output/plates/plate_1750553688878.jpg,433,5,526,86
output/plates/plate_1750553689276.jpg,434,57,526,123
output/plates/plate_1750553689426.jpg,527,76,584,121
output/plates/plate_1750553689751.jpg,520,177,635,288
output/plates/plate_1779967944912.jpg,506,199,551,240
output/plates/plate_1779967948253.jpg,506,203,544,251
output/plates/plate_1779967966464.jpg,57,212,213,302
output/plates/plate_1779967966809.jpg,62,400,125,437
output/plates/plate_1779967967004.jpg,43,217,202,305
output/plates/plate_1779967967551.jpg,42,219,194,308
output/plates/plate_1779967967831.jpg,26,221,181,313
output/plates/plate_1779967967962.jpg,47,405,109,442
output/plates/plate_1779967968604.jpg,34,218,183,309
output/plates/plate_1779967968911.jpg,47,397,111,433
output/plates/plate_1779967969414.jpg,41,400,102,437
output/plates/plate_1779967969724.jpg,26,222,177,312
output/plates/plate_1779967970196.jpg,24,218,172,309
output/plates/plate_1779967971288.jpg,10,225,166,323
output/plates/plate_1779967971962.jpg,3,230,152,318
output/plates/plate_1779968346617.jpg,394,347,482,405
output/plates/plate_1779968346829.jpg,493,339,579,410
output/plates/plate_1779968347036.jpg,353,349,465,425
output/plates/plate_1779968347142.jpg,384,129,583,277
output/plates/plate_1779968347337.jpg,370,87,599,251
output/plates/plate_1779968347433.jpg,348,327,466,404
output/plates/plate_1779968347689.jpg,336,319,460,398
output/plates/plate_1779968347813.jpg,476,336,591,422
output/plates/plate_1779968347931.jpg,348,64,584,236
output/plates/plate_1779968348245.jpg,347,334,472,411
output/plates/plate_1779968348368.jpg,491,349,607,429
output/plates/plate_1779968348469.jpg,356,68,604,241
output/plates/plate_1779968348697.jpg,362,334,485,413
output/plates/plate_1779968348801.jpg,505,350,621,434
output/plates/plate_1779968349000.jpg,355,334,484,415
output/plates/plate_1779968349085.jpg,502,350,617,434
output/plates/plate_1779968349333.jpg,354,334,486,415
output/plates/plate_1779968349451.jpg,502,351,619,435
output/plates/plate_1779968349562.jpg,377,63,629,242
output/plates/plate_1779968349763.jpg,364,326,493,410
output/plates/plate_1779968349853.jpg,382,59,635,233
output/plates/plate_1779968349968.jpg,512,346,628,429
output/plates/plate_1779968350271.jpg,350,305,471,387
output/plates/plate_1779968350410.jpg,489,322,607,412
output/plates/plate_1779968350582.jpg,367,43,607,218
output/plates/plate_1779968350873.jpg,436,329,551,412
output/plates/plate_1779968351024.jpg,294,303,420,386
